0.0
0.0001832087556794302
0.0003673247342538468
0.0005523522552089312
0.0007382956568472099
0.0009251592963516914
0.0011129475498500442
0.0013016648124790989
0.0014913154984484858
0.0016819040411051368
0.0018734348929969227
0.0020659125259379118
0.0022593414310712514
0.0024537261189341002
0.002649071119521917
0.002845380982352312
0.0030426602765291177
0.003240913590807107
0.0034401455336558456
0.0036403607333240877
0.0038415638379031957
0.004043759515392616
0.004246952453762543
0.004451147361019179
0.004656348965268262
0.004862562014779136
0.005069791278048929
0.005278041543866191
0.005487317621375394
0.0056976243401404645
0.005908966550208744
0.006121349122174625
0.006334776947243298
0.00654925493729493
0.006764788024947868
0.006981381163622172
0.0071990393276032474
0.007417767512105703
0.007637570733335581
0.007858454028555189
0.008080422456144997
0.008303481095667182
0.008527635047929255
0.008752889435046077
0.008979249400502968
0.009206720109219222
0.00943530674760938
0.009665014523646964
0.009895848666926181
0.010127814428724584
0.010360917082065189
0.01059516192177818
0.010830554264563247
0.01106709944905127
0.011304802835865704
0.011543669807684466
0.011783705769301003
0.01202491614768586
0.012267306392046757
0.012510881973890718
0.012755648387084139
0.0130016111479134
0.013248775795144937
0.01349714789008586
0.01374673301664391
0.013997536781387104
0.014249564813603151
0.014502822765359214
0.014757316311561103
0.01501305115001163
0.015270033001470344
0.015528267609711353
0.015787760741581867
0.016048518187060327
0.0163105457593139
0.016573849294756905
0.016838434653107016
0.01710430771744328
0.017371474394262613
0.017639940613535875
0.01790971232876515
0.018180795517039033
0.018453196179088426
0.01872692033934213
0.01900197404598177
0.019278363370997198
0.0195560944102401
0.01983517328347864
0.020115606134451628
0.020397399130921857
0.020680558464728847
0.020965090351842217
0.021251001032414518
0.021538296770832542
0.021826983855769744
0.022117068600237325
0.022408557341635788
0.022701456441804945
0.02299577228707493
0.023291511288315345
0.023588679880985397
0.02388728452518252
0.024187331705691206
0.024488827932031415
0.024791779738506107
0.02509619368424857
0.02540207635326985
0.02570943435450445
0.026018274321857007
0.026328602914247462
0.02664042681565588
0.02695375273516774
0.02726858740701735
0.02758493759063162
0.027902810070673387
0.028222211657083423
0.028543149185122924
0.028865629515414982
0.029189659533984887
0.029515246152301618
0.029842396307316315
0.030171116961502986
0.03050141510289614
0.030833297745129225
0.031166771927472123
0.03150184471486822
0.03183852319797059
0.03217681449317734
0.03251672574266723
0.03285826411443365
0.0332014368023186
0.0335462510260458
0.03389271403125284
0.03424083308952309
0.03459061549841713
0.034942068581502464
0.03529519968838375
0.035650016194731564
0.0360065255023106
0.03636473503900699
0.03672465225885554
0.03708628464206532
0.03744963969504511
0.03781472495042751
0.03818154796709323
0.038550116330193715
0.03892043765117291
0.03929251956778862
0.039666369744133366
0.04004199587065385
0.040419405664169204
0.04079860686788947
0.04117960725143232
0.04156241461083942
0.041947036768591406
0.04233348157362238
0.042721756901333195
0.04311187065360464
0.04350383075880792
0.043897645171816206
0.044293321874013504
0.04469086887330439
0.04509029420412068
0.0454916059274287
0.045894812130734874
0.04629992092809062
0.04670694046009555
0.04711587889390022
0.04752674442320846
0.04793954526827675
0.048354289675914014
0.048770985919480626
0.04918964229888452
0.04961026714057819
0.050032868797553136
0.050457455649333884
0.05088403610197098
0.05131261858803168
0.05174321156659102
0.05217582352322072
0.05261046296997742
0.0530471384453885
0.05348585851443836
0.053926631768552544
0.05436946682558027
0.05481437232977696
0.05526135695178347
0.055710429388606035
0.05616159836359395
0.05661487262641609
0.05707026095303524
0.05752777214568318
0.05798741503283181
0.05844919846916497
0.05891313133554742
0.05937922253899394
0.059847481012634866
0.06031791571568229
0.06079053563339381
0.06126534977703449
0.06174236718383804
0.06222159691696636
0.06270304806546724
0.0631867297442302
0.0636726510939427
0.06416082128104157
0.06465124949766599
0.065143944961607
0.06563891691625601
0.06613617463055194
0.06663572739892581
0.06713758454124477
0.06764175540275386
0.06814824935401613
0.0686570757908512
0.06916824413427186
0.06968176383041906
0.07019764435049572
0.07071589519069774
0.07123652587214353
0.07175954594080268
0.07228496496742143
0.07281279254744726
0.07334303830095129
0.07387571187254889
0.07441082293131826
0.07494838117071753
0.07548839630849902
0.07603087808662316
0.07657583627116848
0.07712328065224143
0.07767322104388337
0.07822566728397529
0.07878062923414057
0.0793381167796476
0.07989813982930666
0.08046070831536829
0.08102583219341769
0.0815935214422677
0.08216378606384861
0.08273663608309778
0.08331208154784517
0.08389013252869787
0.08447079911892201
0.08505409143432259
0.08564001961312087
0.08622859381582991
0.08681982422512761
0.08741372104572716
0.08801029450424612
0.08860955484907215
0.08921151235022723
0.08981617729922868
0.09042356000894901
0.09103367081347187
0.09164652006794739
0.09226211814844325
0.09288047545179469
0.09350160239545166
0.09412550941732307
0.09475220697561913
0.09538170554869103
0.09601401563486778
0.09664914775229123
0.09728711243874719
0.09792792025149605
0.09857158176709827
0.09921810758123965
0.09986750830855257
0.10051979458243453
0.10117497705486471
0.10183306639621778
0.10249407329507412
0.10315800845802842
0.10382488260949543
0.10449470649151144
0.10516749086353515
0.1058432465022442
0.10652198420133013
0.10720371477128866
0.10788844903920941
0.10857619784856071
0.10926697205897298
0.10996078254601818
0.11065764020098745
0.11135755593066465
0.11206054065709735
0.11276660531736561
0.1134757608633463
0.11418801826147576
0.11490338849250901
0.11562188255127515
0.11634351144643107
0.11706828620021066
0.11779621784817265
0.11852731743894293
0.11926159603395642
0.11999906470719342
0.120739734544915
0.12148361664539276
0.12223072211863806
0.12298106208612537
0.1237346476805148
0.12449149004536941
0.12525160033487104
0.12601498971353073
0.12678166935589802
0.12755165044626585
0.12832494417837162
0.1291015617550961
0.1298815143881583
0.13066481329780688
0.131451469712508
0.13223812612720917
0.13302478254191033
0.1338114389566115
0.13459809537131265
0.1353847517860138
0.13617140820071494
0.1369580646154161
0.13774472103011726
0.13853137744481842
0.13931803385951957
0.14010469027422073
0.14089134668892186
0.14167800310362302
0.14246465951832418
0.14325131593302534
0.1440379723477265
0.14482462876242766
0.1456112851771288
0.14639794159182995
0.1471845980065311
0.14797125442123227
0.14875791083593343
0.14954456725063459
0.15033122366533574
0.15111788008003688
0.15190453649473803
0.1526911929094392
0.15347784932414035
0.1542645057388415
0.15505116215354267
0.1558378185682438
0.15662447498294496
0.15741113139764612
0.15819778781234728
0.15898444422704844
0.1597711006417496
0.16055775705645073
0.1613444134711519
0.16213106988585305
0.1629177263005542
0.16370438271525536
0.16449103912995652
0.16527769554465765
0.1660643519593588
0.16685100837405997
0.16763766478876113
0.1684243212034623
0.16921097761816345
0.16999763403286458
0.17078429044756574
0.1715709468622669
0.17235760327696806
0.17314425969166922
0.17393091610637038
0.17471757252107153
0.17550422893577267
0.17629088535047382
0.17707754176517498
0.17786419817987614
0.1786508545945773
0.17943751100927846
0.1802241674239796
0.18101082383868075
0.1817974802533819
0.18258413666808307
0.18337079308278423
0.1841574494974854
0.18494410591218652
0.18573076232688768
0.18651741874158884
0.18730407515629
0.18809073157099115
0.1888773879856923
0.18966404440039344
0.1904507008150946
0.19123735722979576
0.19202401364449692
0.19281067005919808
0.19359732647389924
0.1943839828886004
0.19517063930330153
0.1959572957180027
0.19674395213270385
0.197530608547405
0.19831726496210617
0.19910392137680732
0.19989057779150846
0.20067723420620961
0.20146389062091077
0.20225054703561193
0.2030372034503131
0.20382385986501425
0.20461051627971538
0.20539717269441654
0.2061838291091177
0.20697048552381886
0.20775714193852002
0.20854379835322118
0.2093304547679223
0.21011711118262347
0.21090376759732463
0.21169042401202579
0.21247708042672694
0.2132637368414281
0.21405039325612923
0.2148370496708304
0.21562370608553155
0.2164103625002327
0.21719701891493387
0.21798367532963503
0.2187703317443362
0.21955698815903732
0.22034364457373848
0.22113030098843964
0.2219169574031408
0.22270361381784196
0.22349027023254311
0.22427692664724425
0.2250635830619454
0.22585023947664656
0.22663689589134772
0.22742355230604888
0.22821020872075004
0.22899686513545117
0.22978352155015233
0.2305701779648535
0.23135683437955465
0.2321434907942558
0.23293014720895697
0.2337168036236581
0.23450346003835926
0.23529011645306042
0.23607677286776158
0.23686342928246273
0.2376500856971639
0.23843674211186505
0.23922339852656618
0.24001005494126734
0.2407967113559685
0.24158336777066966
0.24237002418537082
0.24315668060007198
0.2439433370147731
0.24472999342947427
0.24551664984417543
0.2463033062588766
0.24708996267357775
0.2478766190882789
0.24866327550298004
0.2494499319176812
0.2502365883323824
0.2510232447470835
0.25180990116178464
0.2525965575764858
0.25338321399118696
0.2541698704058881
0.2549565268205893
0.25574318323529044
0.2565298396499916
0.25731649606469276
0.2581031524793939
0.2588898088940951
0.25967646530879623
0.2604631217234974
0.2612497781381985
0.26203643455289966
0.2628230909676008
0.263609747382302
0.26439640379700313
0.2651830602117043
0.26596971662640545
0.2667563730411066
0.26754302945580777
0.2683296858705089
0.2691163422852101
0.26990299869991125
0.27068965511461235
0.2714763115293135
0.27226296794401467
0.2730496243587158
0.273836280773417
0.27462293718811814
0.2754095936028193
0.27619625001752046
0.2769829064322216
0.2777695628469228
0.27855621926162394
0.2793428756763251
0.2801295320910262
0.28091618850572736
0.2817028449204285
0.2824895013351297
0.28327615774983084
0.284062814164532
0.28484947057923315
0.2856361269939343
0.2864227834086355
0.28720943982333663
0.2879960962380378
0.28878275265273895
0.2895694090674401
0.2903560654821412
0.29114272189684237
0.29192937831154353
0.2927160347262447
0.29350269114094585
0.294289347555647
0.29507600397034817
0.2958626603850493
0.2966493167997505
0.29743597321445164
0.2982226296291528
0.29900928604385396
0.29979594245855506
0.3005825988732562
0.3013692552879574
0.30215591170265854
0.3029425681173597
0.30372922453206086
0.304515880946762
0.3053025373614632
0.30608919377616434
0.3068758501908655
0.30766250660556665
0.3084491630202678
0.309235819434969
0.3100224758496701
0.31080913226437124
0.3115957886790724
0.31238244509377355
0.3131691015084747
0.31395575792317587
0.31474241433787703
0.3155290707525782
0.31631572716727935
0.3171023835819805
0.31788903999668167
0.3186756964113828
0.31946235282608393
0.3202490092407851
0.32103566565548625
0.3218223220701874
0.32260897848488856
0.3233956348995897
0.3241822913142909
0.32496894772899204
0.3257556041436932
0.32654226055839436
0.3273289169730955
0.3281155733877967
0.32890222980249784
0.32968888621719894
0.3304755426319001
0.33126219904660126
0.3320488554613024
0.3328355118760036
0.33362216829070473
0.3344088247054059
0.33519548112010705
0.3359821375348082
0.33676879394950937
0.33755545036421053
0.3383421067789117
0.3391287631936128
0.33991541960831395
0.3407020760230151
0.34148873243771627
0.34227538885241743
0.3430620452671186
0.34384870168181975
0.3446353580965209
0.34542201451122206
0.3462086709259232
0.3469953273406244
0.34778198375532554
0.3485686401700267
0.3493552965847278
0.35014195299942896
0.3509286094141301
0.3517152658288313
0.35250192224353244
0.3532885786582336
0.35407523507293476
0.3548618914876359
0.3556485479023371
0.35643520431703823
0.3572218607317394
0.35800851714644055
0.35879517356114166
0.3595818299758428
0.360368486390544
0.36115514280524513
0.3619417992199463
0.36272845563464745
0.3635151120493486
0.36430176846404977
0.36508842487875093
0.3658750812934521
0.36666173770815325
0.3674483941228544
0.3682350505375555
0.36902170695225667
0.3698083633669578
0.370595019781659
0.37138167619636014
0.3721683326110613
0.37295498902576246
0.3737416454404636
0.3745283018551648
0.37531495826986594
0.3761016146845671
0.37688827109926826
0.3776749275139694
0.3784615839286705
0.3792482403433717
0.38003489675807284
0.380821553172774
0.38160820958747516
0.3823948660021763
0.3831815224168775
0.38396817883157863
0.3847548352462798
0.38554149166098095
0.3863281480756821
0.38711480449038327
0.38790146090508437
0.38868811731978553
0.3894747737344867
0.39026143014918785
0.391048086563889
0.39183474297859017
0.3926213993932913
0.3934080558079925
0.39419471222269364
0.3949813686373948
0.39576802505209596
0.3965546814667971
0.3973413378814983
0.3981279942961994
0.39891465071090054
0.3997013071256017
0.40048796354030286
0.401274619955004
0.4020612763697052
0.40284793278440634
0.4036345891991075
0.40442124561380866
0.4052079020285098
0.405994558443211
0.40678121485791213
0.40756787127261324
0.4083545276873144
0.40914118410201555
0.4099278405167167
0.41071449693141787
0.41150115334611903
0.4122878097608202
0.41307446617552135
0.4138611225902225
0.41464777900492367
0.4154344354196248
0.416221091834326
0.41700774824902714
0.41779440466372825
0.4185810610784294
0.41936771749313057
0.4201543739078317
0.4209410303225329
0.42172768673723404
0.4225143431519352
0.42330099956663636
0.4240876559813375
0.4248743123960387
0.42566096881073984
0.426447625225441
0.4272342816401421
0.42802093805484326
0.4288075944695444
0.4295942508842456
0.43038090729894674
0.4311675637136479
0.43195422012834905
0.4327408765430502
0.43352753295775137
0.43431418937245253
0.4351008457871537
0.43588750220185485
0.436674158616556
0.4374608150312571
0.43824747144595827
0.43903412786065943
0.4398207842753606
0.44060744069006175
0.4413940971047629
0.44218075351946406
0.4429674099341652
0.4437540663488664
0.44454072276356754
0.4453273791782687
0.44611403559296986
0.44690069200767096
0.4476873484223721
0.4484740048370733
0.44926066125177444
0.4500473176664756
0.45083397408117676
0.4516206304958779
0.4524072869105791
0.45319394332528024
0.4539805997399814
0.45476725615468255
0.4555539125693837
0.4563405689840848
0.457127225398786
0.45791388181348713
0.4587005382281883
0.45948719464288945
0.4602738510575906
0.46106050747229177
0.46184716388699293
0.4626338203016941
0.46342047671639525
0.4642071331310964
0.46499378954579756
0.4657804459604987
0.4665671023751998
0.467353758789901
0.46814041520460214
0.4689270716193033
0.46971372803400446
0.4705003844487056
0.4712870408634068
0.47207369727810794
0.4728603536928091
0.47364701010751026
0.4744336665222114
0.4752203229369126
0.4760069793516137
0.47679363576631484
0.477580292181016
0.47836694859571716
0.4791536050104183
0.4799402614251195
0.48072691783982063
0.4815135742545218
0.48230023066922295
0.4830868870839241
0.48387354349862527
0.48466019991332643
0.4854468563280276
0.4862335127427287
0.48702016915742985
0.487806825572131
0.48859348198683217
0.4893801384015333
0.4901667948162345
0.49095345123093564
0.4917401076456368
0.49252676406033796
0.4933134204750391
0.4941000768897403
0.49488673330444144
0.49567338971914254
0.4964600461338437
0.49724670254854486
0.498033358963246
0.4988200153779472
0.49960667179264834
0.5003933282073495
0.5011799846220506
0.5019666410367518
0.5027532974514529
0.5035399538661541
0.5043266102808552
0.5051132666955565
0.5058999231102576
0.5066865795249588
0.5074732359396599
0.5082598923543611
0.5090465487690622
0.5098332051837634
0.5106198615984645
0.5114065180131656
0.5121931744278668
0.5129798308425679
0.5137664872572691
0.5145531436719702
0.5153398000866715
0.5161264565013726
0.5169131129160738
0.5176997693307749
0.5184864257454761
0.5192730821601772
0.5200597385748783
0.5208463949895795
0.5216330514042806
0.5224197078189818
0.5232063642336829
0.5239930206483842
0.5247796770630853
0.5255663334777865
0.5263529898924876
0.5271396463071888
0.5279263027218899
0.5287129591365911
0.5294996155512922
0.5302862719659933
0.5310729283806945
0.5318595847953956
0.5326462412100968
0.533432897624798
0.5342195540394992
0.5350062104542003
0.5357928668689015
0.5365795232836026
0.5373661796983038
0.5381528361130049
0.5389394925277061
0.5397261489424072
0.5405128053571083
0.5412994617718095
0.5420861181865106
0.5428727746012119
0.543659431015913
0.5444460874306142
0.5452327438453153
0.5460194002600165
0.5468060566747176
0.5475927130894188
0.5483793695041199
0.5491660259188211
0.5499526823335222
0.5507393387482233
0.5515259951629246
0.5523126515776257
0.5530993079923269
0.553885964407028
0.5546726208217292
0.5554592772364303
0.5562459336511315
0.5570325900658326
0.5578192464805338
0.5586059028952349
0.559392559309936
0.5601792157246372
0.5609658721393384
0.5617525285540396
0.5625391849687407
0.5633258413834419
0.564112497798143
0.5648991542128442
0.5656858106275453
0.5664724670422465
0.5672591234569476
0.5680457798716488
0.5688324362863499
0.569619092701051
0.5704057491157523
0.5711924055304534
0.5719790619451546
0.5727657183598557
0.5735523747745569
0.574339031189258
0.5751256876039592
0.5759123440186603
0.5766990004333615
0.5774856568480626
0.5782723132627638
0.579058969677465
0.579845626092166
0.5806322825068673
0.5814189389215684
0.5822055953362696
0.5829922517509707
0.5837789081656719
0.584565564580373
0.5853522209950742
0.5861388774097753
0.5869255338244765
0.5877121902391776
0.5884988466538787
0.58928550306858
0.5900721594832811
0.5908588158979823
0.5916454723126834
0.5924321287273846
0.5932187851420857
0.5940054415567869
0.594792097971488
0.5955787543861892
0.5963654108008903
0.5971520672155916
0.5979387236302927
0.5987253800449938
0.599512036459695
0.6002986928743961
0.6010853492890973
0.6018720057037984
0.6026586621184996
0.6034453185332007
0.6042319749479019
0.605018631362603
0.6058052877773042
0.6065919441920054
0.6073786006067066
0.6081652570214077
0.6089519134361088
0.60973856985081
0.6105252262655111
0.6113118826802123
0.6120985390949134
0.6128851955096146
0.6136718519243157
0.6144585083390169
0.615245164753718
0.6160318211684193
0.6168184775831204
0.6176051339978216
0.6183917904125227
0.6191784468272238
0.619965103241925
0.6207517596566261
0.6215384160713273
0.6223250724860284
0.6231117289007296
0.6238983853154307
0.624685041730132
0.625471698144833
0.6262583545595343
0.6270450109742354
0.6278316673889365
0.6286183238036377
0.6294049802183388
0.63019163663304
0.6309782930477411
0.6317649494624423
0.6325516058771434
0.6333382622918446
0.6341249187065457
0.634911575121247
0.6356982315359481
0.6364848879506493
0.6372715443653504
0.6380582007800515
0.6388448571947527
0.6396315136094538
0.640418170024155
0.6412048264388561
0.6419914828535573
0.6427781392682584
0.6435647956829597
0.6443514520976608
0.645138108512362
0.6459247649270631
0.6467114213417643
0.6474980777564654
0.6482847341711665
0.6490713905858677
0.6498580470005688
0.65064470341527
0.6514313598299711
0.6522180162446723
0.6530046726593735
0.6537913290740747
0.6545779854887758
0.655364641903477
0.6561512983181781
0.6569379547328793
0.6577246111475804
0.6585112675622815
0.6592979239769827
0.6600845803916838
0.660871236806385
0.6616578932210861
0.6624445496357874
0.6632312060504885
0.6640178624651897
0.6648045188798908
0.665591175294592
0.6663778317092931
0.6671644881239942
0.6679511445386954
0.6687378009533965
0.6695244573680977
0.6703111137827988
0.6710977701975
0.6718844266122012
0.6726710830269024
0.6734577394416035
0.6742443958563047
0.6750310522710058
0.675817708685707
0.6766043651004081
0.6773910215151092
0.6781776779298104
0.6789643343445115
0.6797509907592127
0.6805376471739139
0.6813243035886151
0.6821109600033162
0.6828976164180174
0.6836842728327185
0.6844709292474197
0.6852575856621208
0.686044242076822
0.6868308984915231
0.6876175549062242
0.6884042113209254
0.6891908677356265
0.6899775241503278
0.6907641805650289
0.6915508369797301
0.6923374933944312
0.6931241498091324
0.6939108062238335
0.6946974626385347
0.6954841190532358
0.6962707754679369
0.6970574318826381
0.6978440882973392
0.6986307447120405
0.6994174011267416
0.7002040575414428
0.7009907139561439
0.7017773703708451
0.7025640267855462
0.7033506832002474
0.7041373396149485
0.7049239960296497
0.7057106524443508
0.7064973088590519
0.7072839652737531
0.7080706216884542
0.7088572781031555
0.7096439345178566
0.7104305909325578
0.7112172473472589
0.7120039037619601
0.7127905601766612
0.7135772165913624
0.7143638730060635
0.7151505294207647
0.7159371858354658
0.7167238422501669
0.7175104986648682
0.7182971550795693
0.7190838114942705
0.7198704679089716
0.7206571243236728
0.7214437807383739
0.7222304371530751
0.7230170935677762
0.7238037499824774
0.7245904063971785
0.7253770628118797
0.7261637192265809
0.726950375641282
0.7277370320559832
0.7285236884706843
0.7293103448853855
0.7300970013000866
0.7308836577147878
0.7316703141294889
0.7324569705441901
0.7332436269588912
0.7340302833735924
0.7348169397882935
0.7356035962029946
0.7363902526176959
0.737176909032397
0.7379635654470982
0.7387502218617993
0.7395368782765005
0.7403235346912016
0.7411101911059028
0.7418968475206039
0.7426835039353051
0.7434701603500062
0.7442568167647075
0.7450434731794086
0.7458301295941097
0.7466167860088109
0.747403442423512
0.7481900988382132
0.7489767552529143
0.7497634116676155
0.7505500680823166
0.7513367244970178
0.7521233809117189
0.7529100373264201
0.7536966937411212
0.7544833501558225
0.7552700065705236
0.7560566629852247
0.7568433193999259
0.757629975814627
0.7584166322293282
0.7592032886440293
0.7599899450587305
0.7607766014734316
0.7615632578881328
0.7623499143028339
0.7631365707175352
0.7639232271322363
0.7647098835469374
0.7654965399616386
0.7662831963763397
0.7670698527910409
0.767856509205742
0.7686431656204432
0.7694298220351443
0.7702164784498455
0.7710031348645466
0.7717897912792478
0.772576447693949
0.7733631041086502
0.7741497605233513
0.7749364169380524
0.7757230733527536
0.7765097297674547
0.7772963861821559
0.778083042596857
0.7788696990115582
0.7796563554262593
0.7804430118409605
0.7812296682556616
0.7820163246703629
0.782802981085064
0.7835896374997652
0.7843762939144663
0.7851629503291674
0.7859496067438686
0.7867362631585697
0.7875229195732709
0.788309575987972
0.7890962324026732
0.7898828888173743
0.7906695452320756
0.7914562016467767
0.7922428580614779
0.793029514476179
0.7938161708908802
0.7946028273055813
0.7953894837202824
0.7961761401349836
0.7969627965496847
0.7977494529643859
0.798536109379087
0.7993227657937882
0.8001094222084894
0.8008960786231906
0.8016827350378917
0.8024693914525929
0.803256047867294
0.8040427042819951
0.8048293606966963
0.8056160171113974
0.8064026735260986
0.8071893299407997
0.8079759863555009
0.808762642770202
0.8095492991849033
0.8103359555996044
0.8111226120143056
0.8119092684290067
0.8126959248437079
0.813482581258409
0.8142692376731101
0.8150558940878113
0.8158425505025124
0.8166292069172136
0.8174158633319147
0.818202519746616
0.8189891761613171
0.8197758325760183
0.8205624889907194
0.8213491454054206
0.8221358018201217
0.8229224582348229
0.823709114649524
0.8244957710642251
0.8252824274789263
0.8260690838936274
0.8268557403083286
0.8276423967230297
0.828429053137731
0.8292157095524321
0.8300023659671333
0.8307890223818344
0.8315756787965356
0.8323623352112367
0.8331489916259379
0.833935648040639
0.8347223044553401
0.8355089608700413
0.8362956172847424
0.8370822736994437
0.8378689301141448
0.838655586528846
0.8394422429435471
0.8402288993582483
0.8410155557729494
0.8418022121876506
0.8425888686023517
0.8433755250170528
0.844162181431754
0.8449488378464551
0.8457354942611564
0.8465221506758575
0.8473088070905587
0.8480954635052598
0.848882119919961
0.8496687763346621
0.8504554327493633
0.8512420891640644
0.8520287455787656
0.8528154019934667
0.8536020584081678
0.854388714822869
0.8551753712375701
0.8559620276522714
0.8567486840669725
0.8575353404816737
0.8583219968963748
0.859108653311076
0.8598953097257771
0.8606819661404783
0.8614686225551794
0.8622552789698806
0.8630419353845817
0.8638285917992828
0.8646152482139841
0.8654019046286852
0.8661885610433864
0.8669752174580875
0.8677618738727887
0.8685485302874898
0.869335186702191
0.8701184856118396
0.8708984382449018
0.8716750558216262
0.872448349553732
0.8732183306440998
0.8739850102864671
0.8747483996651269
0.8755085099546285
0.876265352319483
0.8770189379138724
0.8777692778813598
0.8785163833546051
0.8792602654550828
0.8800009352928044
0.8807384039660414
0.8814726825610549
0.8822037821518252
0.8829317137997872
0.8836564885535668
0.8843781174487226
0.8850966115074889
0.885811981738522
0.8865242391366516
0.8872333946826322
0.8879394593429005
0.8886424440693332
0.8893423597990104
0.8900392174539796
0.8907330279410248
0.8914238021514371
0.8921115509607884
0.8927962852287091
0.8934780157986677
0.8941567534977536
0.8948325091364627
0.8955052935084864
0.8961751173905024
0.8968419915419694
0.8975059267049237
0.8981669336037801
0.8988250229451331
0.8994802054175633
0.9001324916914453
0.9007818924187582
0.9014284182328995
0.9020720797485018
0.9027128875612507
0.9033508522477066
0.9039859843651301
0.9046182944513068
0.9052477930243787
0.9058744905826748
0.9064983976045462
0.9071195245482031
0.9077378818515546
0.9083534799320504
0.908966329186526
0.9095764399910489
0.9101838227007691
0.9107884876497706
0.9113904451509257
0.9119897054957518
0.9125862789542707
0.9131801757748702
0.913771406184168
0.9143599803868769
0.9149459085656753
0.9155292008810758
0.9161098674713
0.9166879184521527
0.9172633639169001
0.9178362139361492
0.9184064785577302
0.9189741678065801
0.9195392916846296
0.9201018601706912
0.9206618832203503
0.9212193707658572
0.9217743327160226
0.9223267789561145
0.9228767193477564
0.9234241637288294
0.9239691219133747
0.9245116036914989
0.9250516188292803
0.9255891770686796
0.926124288127449
0.9266569616990465
0.9271872074525506
0.9277150350325765
0.9282404540591952
0.9287634741278543
0.9292841048093001
0.9298023556495021
0.9303182361695788
0.930831755865726
0.9313429242091467
0.9318517506459817
0.932358244597244
0.932862415458753
0.933364272601072
0.9338638253694459
0.9343610830837419
0.9348560550383909
0.9353487505023318
0.9358391787189563
0.9363273489060552
0.9368132702557677
0.9372969519345306
0.9377784030830315
0.9382576328161598
0.9387346502229633
0.939209464366604
0.9396820842843155
0.940152518987363
0.9406207774610039
0.9410868686644505
0.9415508015308328
0.942012584967166
0.9424722278543146
0.9429297390469626
0.9433851273735817
0.9438384016364039
0.9442895706113918
0.9447386430482144
0.9451856276702209
0.9456305331744176
0.9460733682314453
0.9465141414855595
0.9469528615546093
0.9473895370300204
0.9478241764767771
0.9482567884334068
0.9486873814119662
0.9491159638980269
0.949542544350664
0.9499671312024447
0.9503897328594196
0.9508103577011133
0.9512290140805172
0.9516457103240838
0.9520604547317211
0.9524732555767894
0.9528841211060977
0.9532930595399023
0.9537000790719072
0.954105187869263
0.9545083940725692
0.9549097057958772
0.9553091311266935
0.9557066781259843
0.9561023548281816
0.95649616924119
0.9568881293463932
0.9572782430986646
0.9576665184263755
0.9580529632314064
0.9584375853891585
0.9588203927485656
0.9592013931321084
0.9595805943358287
0.959958004129344
0.9603336302558645
0.9607074804322092
0.961079562348825
0.9614498836698041
0.9618184520329046
0.9621852750495703
0.9625503603049528
0.9629137153579325
0.9632753477411423
0.9636352649609908
0.9639934744976872
0.9643499838052663
0.9647048003116141
0.9650579314184954
0.9654093845015808
0.9657591669104747
0.966107285968745
0.9664537489739521
0.9667985631976792
0.9671417358855642
0.9674832742573306
0.9678231855068204
0.9681614768020272
0.9684981552851296
0.9688332280725257
0.9691667022548686
0.9694985848971017
0.9698288830384949
0.9701576036926816
0.9704847538476962
0.970810340466013
0.9711343704845828
0.9714568508148749
0.9717777883429144
0.9720971899293245
0.9724150624093663
0.9727314125929805
0.9730462472648301
0.973359573184342
0.9736713970857503
0.9739817256781407
0.9742905656454933
0.9745979236467279
0.9749038063157492
0.9752082202614917
0.9755111720679663
0.9758126682943065
0.9761127154748152
0.9764113201190121
0.9767084887116821
0.9770042277129225
0.9772985435581925
0.9775914426583617
0.9778829313997602
0.9781730161442278
0.9784617032291649
0.978748998967583
0.9790349096481554
0.9793194415352688
0.9796026008690758
0.9798843938655462
0.980164826716519
0.9804439055897576
0.9807216366290006
0.9809980259540159
0.9812730796606556
0.9815468038209094
0.9818192044829589
0.9820902876712329
0.982360059386462
0.9826285256057352
0.9828956922825547
0.9831615653468909
0.9834261507052412
0.9836894542406842
0.9839514818129378
0.9842122392584164
0.9844717323902871
0.984729966998528
0.9849869488499867
0.9852426836884371
0.9854971772346391
0.9857504351863952
0.9860024632186113
0.9862532669833544
0.9865028521099125
0.9867512242048534
0.9869983888520851
0.9872443516129145
0.9874891180261078
0.9877326936079519
0.9879750838523129
0.9882162942306978
0.9884563301923144
0.9886951971641331
0.9889329005509476
0.9891694457354356
0.9894048380782207
0.9896390829179337
0.9898721855712742
0.9901041513330727
0.9903349854763519
0.9905646932523895
0.9907932798907797
0.9910207505994958
0.9912471105649528
0.9914723649520697
0.9916965189043316
0.991919577543854
0.9921415459714439
0.9923624292666634
0.9925822324878933
0.9928009606723959
0.993018618836377
0.9932352119750513
0.9934507450627043
0.9936652230527558
0.9938786508778246
0.9940910334497906
0.9943023756598589
0.994512682378624
0.9947219584561331
0.9949302087219503
0.9951374379852201
0.995343651034731
0.9955488526389801
0.9957530475462367
0.9959562404846067
0.9961584361620963
0.9963596392666754
0.9965598544663437
0.9967590864091924
0.9969573397234706
0.9971546190176472
0.9973509288804776
0.9975462738810654
0.9977406585689284
0.9979340874740616
0.9981265651070027
0.9983180959588946
0.9985086845015514
0.9986983351875208
0.99888705245015
0.9990748407036483
0.9992617043431528
0.9994476477447912
0.9996326752657463
0.9998167912443207
1.0
